Tester : 1,  Tester_Name : Alessandro Mascheroni
HS-LITTLE : 3.9000000000000026 
VB-LITTLE : 0.7 
HS-BIG : 4.8 
VB-BIG : 0.7 
Tester : 2,  Tester_Name : Reza 
VB-LITTLE : 0.7999999999999999 
HS-BIG : 1.9000000000000008 
VB-BIG : 0.7999999999999999 
HS-LITTLE : 1.1 
Tester : 3,  Tester_Name : Davide Mascheroni
HS-BIG : 4.000000000000003 
HS-LITTLE : 2.7000000000000015 
VB-BIG : 1.4000000000000001 
VB-LITTLE : 0.7999999999999999 
