Tester : 1
HS-LITTLE : 1.6000000000000005 
VB-BIG : 0.8999999999999999 
HS-BIG : 3.0000000000000018 
VB-LITTLE : 0.7 
Tester : 2
HS-LITTLE : 2.200000000000001 
HS-BIG : 3.6000000000000023 
VB-LITTLE : 0.6 
VB-BIG : 0.9999999999999999 
Tester : 3
HS-LITTLE : 1.7000000000000006 
HS-BIG : 1.5000000000000004 
VB-BIG : 0.30000000000000004 
VB-LITTLE : 0.20000000000000004 
